1.589808463315612874e+00
2.695626189813873808e+00
2.058388064145828089e+00
-1.320863831453642501e-01
-3.262957281094001516e+00
-4.560818567476118135e-01
-2.545670252819282720e+00
-3.686535673731477836e+00
7.116354182260405947e-01
2.847796588404502227e+00
2.859413030847818948e+00
-7.735160809362546797e-01
1.385394165938024891e+00
7.724485694254403789e-01
-1.708147039891160679e+00
-2.792929643437531251e+00
-1.759795496330206710e+00
1.320428962294284414e+00
-5.687154249010524243e-01
-4.034563566616331531e-01
2.343893424233153944e+00
2.185837122845231129e+00
4.594827242656632782e-01
-1.091188461828541456e+00
-3.140366534527037956e+00
-5.320977596978533342e-01
-5.477824162586975021e-01
-3.304150522349122099e+00
1.155604126040568946e+00
3.577382396975250956e+00
5.247662234685408933e+00
1.426253731875547937e+00
-2.379953464680717445e-02
1.700950338748340174e-01
-2.600322016464381214e+00
-3.909979804361930711e+00
-1.754099401068041963e+00
-9.631420676752572296e-01
-1.071235472018280843e+00
8.623706730780167362e-02
2.446815042061254886e+00
3.036189649900976839e+00
5.373126874095526251e-01
-4.744441898495770360e-01
-2.741562774877086106e+00
2.530944816666602648e-01
-1.035969471409329490e+00
-6.200859623709008561e-01
-3.824925254853978052e-01
2.352392623568551056e+00
1.767219873617381420e+00
-2.356978086847063558e+00
1.009435407322125666e+00
4.577448511817980847e-01
-3.046070047208206955e-01
-4.617780505518089385e+00
-6.906484848066885007e-02
-3.852727679031351382e-01
-4.218754552975785277e-01
1.508103873868842371e+00
2.943603385048679577e+00
2.800633747395651518e+00
6.350730025861848205e-01
-2.330790080738237791e+00
-5.329966053641050916e-01
-3.662311727845836140e-01
-2.077544136865855151e+00
-5.765459014773965940e-01
1.614344479203678517e+00
3.387673927830091358e+00
1.237701522076958494e+00
1.336289990903652303e+00
-3.072269275694073931e-01
-4.213674564902190056e-01
-1.592068370469353455e+00
-1.978249601383079703e+00
-4.065916638094155822e-01
6.365411037827646279e-01
8.492417240621835672e-01
-5.993717169478471885e-01
5.694646109843859438e-01
1.443421391592235592e+00
2.722131164161386563e-01
-7.900354618586528099e-01
-1.557039901951750460e+00
-6.458248775334634040e-01
-1.866860972648582973e+00
-3.948688379885886057e+00
1.182018241998715746e-01
2.600719593819858400e+00
2.937576408270440087e+00
1.103058360432694229e+00
-1.888890812529997465e+00
6.141308161568764801e-02
-1.557144559836467934e+00
-3.338000665294635905e+00
-1.394762728249113959e+00
-8.284394514056009351e-02
-1.859368368011156125e-01
2.030140650411985881e+00
