  -9.2000000e-01
  -7.2750000e-01
  -4.9570000e-01
   1.9430000e-01
   6.6000000e-01
   3.7000000e-01
   3.6450000e-02
   5.2580000e-02
   6.8710000e-02
   4.7740000e-02
   2.3550000e-02
   3.5250000e-02
   9.2620000e-02
   1.5000000e-01
  -8.0000000e-02
  -5.1220000e-01
  -2.9000000e-01
  -3.3170000e-01
  -4.9830000e-01
  -5.4000000e-01
  -5.4000000e-01
  -5.3000000e-01
  -5.2000000e-01
  -7.9670000e-01
  -6.7060000e-01
  -4.4380000e-01
   3.7050000e-01
   4.6910000e-01
   5.4170000e-01
   5.7720000e-01
   5.6320000e-01
   4.2660000e-01
   1.9010000e-01
   1.7450000e-02
  -1.3620000e-02
  -5.1550000e-02
  -1.3080000e-01
  -2.6440000e-01
  -5.8500000e-01
  -8.8550000e-01
  -7.9550000e-01
  -5.5000000e-01
  -6.9290000e-01
  -3.0000000e-01
  -3.5330000e-01
  -6.1000000e-01
  -6.9880000e-01
  -5.4590000e-01
  -3.9290000e-01
  -2.4000000e-01
   2.7120000e-01
   7.7500000e-02
   8.6250000e-02
   2.3000000e-01
   2.4320000e-01
   9.3330000e-02
  -2.2310000e-01
  -2.9940000e-01
  -2.2690000e-01
  -1.1750000e-01
  -1.5160000e-01
  -4.4080000e-01
  -7.3000000e-01
  -6.4500000e-01
  -5.6000000e-01
  -7.5090000e-01
  -9.4180000e-01
  -4.8200000e-01
   1.6900000e-01
   1.4420000e-01
   1.2890000e-01
   2.7130000e-01
   6.4680000e-02
  -1.6620000e-01
  -2.6140000e-01
  -1.4000000e-01
  -2.5330000e-01
  -3.6670000e-01
  -4.8000000e-01
  -5.9330000e-01
  -7.0670000e-01
  -8.2000000e-01
  -6.2330000e-01
  -4.2670000e-01
  -2.3000000e-01
  -5.5000000e-02
   1.2000000e-01
   2.3890000e-01
   1.3330000e-01
   7.0000000e-02
   7.0000000e-02
   7.0000000e-02
   7.0000000e-02
   1.3000000e-01
   2.0500000e-01
  -6.5710000e-02
  -3.9330000e-01
  -4.4430000e-01
  -4.3140000e-01
  -4.1000000e-01
  -6.3140000e-01
  -4.5270000e-01
  -1.3000000e-01
  -1.6270000e-01
  -2.5450000e-01
  -4.7860000e-01
  -1.7140000e-01
   1.0000000e-02
  -3.4390000e-02
  -2.1400000e-01
  -9.8000000e-02
  -1.1910000e-03
  -3.7570000e-02
   4.4400000e-05
  -3.8500000e-01
  -7.5470000e-01
  -6.0270000e-01
  -1.8000000e-01
  -2.8910000e-01
  -3.0000000e-01
  -2.2090000e-01
  -9.3600000e-02
  -2.0000000e-02
  -3.7000000e-01
  -2.4840000e-02
   4.9380000e-01
   4.6000000e-01
   6.3010000e-01
   4.7820000e-01
   2.9340000e-01
   1.0050000e-01
  -9.3130000e-02
  -2.9330000e-01
  -4.4130000e-01
  -3.8550000e-01
  -1.5360000e-01
  -1.3300000e-01
  -3.4800000e-01
  -3.7550000e-01
   2.5820000e-01
   4.2000000e-01
  -2.8180000e-01
  -5.1090000e-01
  -1.5410000e-01
  -2.7820000e-01
  -2.5220000e-01
  -3.6500000e-01
  -3.5160000e-01
   2.4770000e-01
   1.9860000e-01
  -7.0000000e-02
   3.1000000e-01
   5.8580000e-02
  -1.3730000e-01
  -2.3270000e-01
  -3.1800000e-01
